66683134702
66627759402
86000641202
22213000002
67000412002
17300227002
66664824002
94169102
66678800302
31174000002
66698866802
57389302
45798000002
22272000002
5502000002
83355402
79935000002
33826102
41850000002
68951802
89000461902
20322802
25000529602
80500324402
300174902
6259000002
400359502
15226000002
11059000002
66676811002
80108000002
85044502
6765000002
66629231202
18100082902
98417000002
66675770302
66693252602
59896000002
79600211902
86979002
11667202
66621657402
5000722402
66623434502
2100284102
64286000002
66641668802
66602126402
7284000002
66663529402
66613755702
30885402
66661170301
66605933201
44810000001
87800506901
17783101	
33155000001
71175000001
71497000001
93682000001
19200307701
3600686401
95901000001
14017101
66659007301
12244000001
87907000001
27800199801
66684043101
52765201
9900058801
1556201
76000053001
9643001
20900563501
73888701
66648738301
67723000001
3800659901
66699512301
463000001
66614714401
66668484401
35800408601
39800364301
66645905301
66601015301
75000343401
91984000001
14900739901
39648000001
71189000001
34798301
66606924301
85300486901
23300241601
66623549401
66642840401
56898101
90700290401
1556202
66673778701
12563901
22178601
